0.47
0.05
0.07
0.40
0.00
0.01
0.26
0.42
0.12
0.14
0.39
0.32
0.45
0.23
0.47
0.40
0.49
0.35
0.31
0.36
0.36
0.38
0.00
0.28
0.48
0.14
0.29
0.11
0.41
0.23
0.29
0.18
0.40
0.01
0.16
0.36
0.05
0.00
0.46
0.15
9096440.63
0.48
0.04
0.02
0.09
0.22
0.35
0.07
0.39
0.45
0.46
0.07
0.01
0.21
0.29
0.16
0.22
0.38
0.01
0.18
0.36
0.39
0.09
0.36
0.27
0.19
0.05
8495357.73
0.40
0.02
0.19
0.32
0.43
0.01
0.03
0.10
0.23
0.36
0.08
0.24
0.31
0.28
0.41
0.18
0.23
6997947.94
0.36
0.36
9575606.70
0.49
0.09
0.38
0.49
0.42
0.05
0.24
0.15
0.42
0.00
0.22
0.03
0.28
0.11
0.23
0.00
0.48
0.22
0.43
0.48
0.43
0.07
0.25
0.36
0.05
0.19
0.23
0.16
0.20
0.06
0.19
0.02
0.42
0.02
0.38
0.00
0.33
0.30
0.21
0.08
0.22
0.34
0.24
0.34
0.20
0.02
0.06
0.16
0.45
0.26
0.04
0.27
0.32
0.40
0.39
0.36
0.01
0.44
0.16
0.15
0.38
0.40
0.03
0.49
0.35
0.14
0.10
0.17
0.11
0.09
0.28
0.06
0.06
0.49
0.49
0.26
0.17
0.37
0.17
0.04
0.16
0.17
0.31
0.40
0.35
0.28
0.18
0.39
0.27
0.37
0.12
0.28
0.29
0.04
0.02
0.38
0.46
0.14
0.45
0.44
0.09
0.35
0.31
0.10
0.09
0.47
0.30
0.18
0.33
0.31
0.33
0.38
0.21
0.31
0.27
0.03
0.00
0.09
0.14
0.28
0.48
0.32
0.21
0.40
0.46
0.33
0.37
0.06
0.23
0.08
0.15
0.34
0.12
0.18
0.28
0.24
0.43
0.44
0.13
0.02
0.29
0.13
0.48
0.06
0.36
0.42
0.35
0.23
0.23
0.41
0.04
0.11
0.17
0.25
0.27
0.13
0.30
0.29
0.11
0.29
0.15
0.37
0.42
0.09
0.40
0.39
0.06
0.00
0.44
0.17
0.25
0.23
0.45
0.34
0.06
0.12
0.30
0.14
0.18
0.45
0.16
0.03
0.15
0.26
0.46
0.27
0.13
0.36
0.37
0.17
0.35
0.27
0.05
0.36
0.34
0.05
0.21
0.00
0.17
0.47
0.47
0.10
0.10
0.28
0.23
0.18
0.19
0.27
0.41
0.49
0.30
0.10
0.40
0.44
0.06
0.41
0.38
0.13
0.36
0.29
0.16
0.44
0.07
0.09
0.31
0.29
0.01
0.25
0.19
0.23
0.05
0.29
0.14
0.32
0.48
0.21
0.35
0.09
0.49
0.39
0.03
0.44
0.48
0.00
0.32
0.39
0.39
0.03
0.09
0.28
0.07
0.44
0.31
0.29
0.34
0.32
0.16
0.33
0.40
0.43
0.09
0.09
0.33
0.17
0.10
0.12
0.36
0.15
0.11
0.29
0.33
0.07
0.22
0.38
0.44
0.42
0.27
0.35
0.09
0.45
0.17
0.35
0.14
0.15
0.42
0.19
0.13
0.46
0.42
0.09
0.09
0.04
0.07
0.30
0.08
0.42
0.29
0.48
0.13
0.31
0.09
0.24
0.10
0.13
0.02
0.15
0.17
0.10
0.36
0.09
0.18
0.32
0.36
0.17
0.04
0.13
0.32
0.36
0.08
0.49
0.30
0.16
0.01
0.26
0.41
0.40
0.11
0.44
0.22
0.09
0.34
0.48
0.03
0.18
0.46
0.11
0.21
0.06
0.14
0.30
0.28
0.13
0.03
0.17
0.36
0.30
0.02
0.42
0.29
0.31
0.22
0.40
0.12
0.08
0.23
0.01
0.34
0.18
0.18
0.24
0.21
0.36
0.05
0.12
0.47
0.16
0.15
0.29
0.12
0.40
0.08
0.22
0.47
0.32
0.14
0.41
0.07
0.02
0.44
0.46
0.37
0.38
0.25
0.16
0.12
0.39
0.23
9116527.82
0.26
0.26
0.31
0.48
0.19
0.48
0.47
0.27
0.11
0.01
0.18
0.23
0.35
0.48
0.27
0.12
0.46
0.29
0.38
0.32
0.39
0.39
0.49
0.09
0.09
0.17
0.35
0.27
0.19
0.15
0.17
0.03
0.01
0.07
0.05
0.48
0.44
0.37
0.36
0.17
0.04
0.42
0.17
0.26
0.03
0.09
0.30
0.28
0.13
0.02
0.27
0.09
0.43
0.22
0.00
0.05
0.27
0.18
0.39
0.28
0.19
0.43
0.10
0.00
0.16
0.38
0.20
0.21
0.36
0.23
0.17
0.21
0.49
0.39
0.08
0.00
0.12
0.09
0.30
0.03
0.43
0.33
0.22
0.37
0.31
0.11
0.17
0.49
0.26
0.19
0.23
0.28
0.12
0.33
0.31
0.38
0.26
0.32
0.12
0.31
0.24
0.06
0.40
0.46
0.11
0.29
0.47
0.39
0.18
0.34
0.25
0.23
0.17
0.41
0.35
0.20
0.44
0.46
0.35
0.03
0.23
0.41
0.45
0.42
0.49
0.01
0.05
0.05
0.10
0.37
0.48
0.14
0.04
0.16
0.33
0.18
0.27
0.38
0.28
0.20
0.07
0.30
0.22
0.37
0.32
0.30
0.21
0.12
0.25
0.47
0.29
0.24
0.39
0.38
0.17
0.45
0.01
0.22
0.27
0.20
0.48
0.41
0.03
0.26
0.11
0.16
0.26
0.37
0.26
0.27
0.11
0.02
0.31
0.49
0.15
0.00
0.22
0.45
0.04
0.09
9716133.79
0.20
0.44
0.14
0.32
0.05
0.27
0.21
0.41
0.26
0.44
0.37
0.48
0.22
0.35
0.47
0.02
0.02
0.34
0.24
0.10
0.49
0.44
0.31
0.27
0.02
0.09
0.28
0.38
0.22
0.09
0.11
0.44
0.02
0.18
0.27
0.18
0.30
0.16
0.16
0.15
0.05
0.29
0.48
0.23
0.48
0.12
0.30
0.26
0.07
0.27
0.25
0.30
0.01
0.43
0.42
0.46
0.11
0.00
0.01
0.23
0.39
0.31
0.15
0.27
0.21
0.12
0.15
0.02
0.41
0.08
0.39
0.25
0.13
0.07
0.33
0.17
0.30
0.42
0.05
0.06
0.48
0.10
0.12
0.11
0.19
0.20
0.06
0.31
0.12
0.00
0.12
0.40
0.16
0.18
0.19
0.22
0.37
0.31
0.33
0.49
0.12
0.32
0.14
0.48
0.16
0.33
0.12
0.30
0.27
0.44
0.28
0.12
0.35
0.49
0.37
0.30
0.39
0.05
0.36
0.43
0.03
0.13
0.19
0.46
0.21
0.45
0.28
0.38
0.05
0.09
0.39
0.16
0.11
0.01
0.29
0.21
0.45
0.16
0.44
0.46
0.39
0.29
0.36
0.40
0.13
0.47
0.27
0.43
0.39
0.26
0.36
0.35
0.47
0.11
0.49
0.23
0.17
0.40
0.47
0.01
0.17
0.25
0.47
0.26
0.05
0.41
0.43
0.11
0.47
0.00
0.36
0.12
0.18
0.25
0.46
0.35
0.23
0.22
0.44
0.10
0.48
0.34
0.05
0.32
0.27
0.14
0.47
0.01
0.18
0.11
0.42
0.23
0.08
0.41
0.26
0.46
0.10
0.10
0.32
0.43
0.39
0.35
0.33
0.10
0.13
0.01
0.07
0.23
0.47
0.31
0.30
0.22
0.45
0.32
0.36
0.06
0.42
0.13
0.27
0.32
0.34
0.24
0.33
0.35
0.09
0.18
0.05
0.11
0.41
0.34
0.44
0.29
0.03
0.10
0.32
0.36
0.25
0.00
0.01
0.33
0.12
0.00
0.11
0.28
0.07
0.46
0.19
0.01
0.11
0.47
0.26
0.26
0.31
0.26
0.04
0.09
0.44
0.01
0.21
0.03
0.16
0.26
0.48
0.42
0.47
0.22
0.24
0.26
0.06
0.09
0.46
0.25
0.42
0.47
0.49
0.12
0.17
0.09
0.42
0.14
0.27
0.31
0.05
0.16
0.26
0.26
0.45
0.36
0.37
0.40
0.25
0.26
0.06
0.17
0.40
9161821.04
0.49
0.10
0.00
0.35
0.15
0.38
0.48
0.17
0.09
0.11
0.44
0.18
0.11
0.32
0.42
0.17
0.06
0.32
0.48
0.44
0.40
0.19
0.13
0.05
0.08
0.19
0.26
0.34
0.39
0.31
0.38
0.14
0.10
0.26
0.04
0.08
0.12
0.48
0.00
0.10
0.34
0.28
0.34
0.28
0.32
0.33
