0.41
0.08
0.05
0.26
0.16
0.41
0.07
0.41
0.10
0.06
0.11
0.08
0.29
0.16
0.00
0.01
0.05
0.08
0.01
0.38
0.04
0.17
0.17
0.30
0.15
0.39
0.15
0.18
0.34
0.28
0.20
0.18
0.39
0.16
0.39
0.01
0.44
0.26
0.41
0.15
0.44
0.47
0.17
0.30
0.21
0.18
0.02
0.07
0.43
0.48
0.44
0.35
0.07
0.15
0.19
0.13
0.33
0.42
0.20
0.02
0.27
0.02
0.30
0.01
0.49
0.39
0.36
0.34
0.34
0.39
0.20
0.33
0.27
0.44
0.12
0.40
0.40
0.23
0.10
0.25
0.34
0.39
0.26
0.20
0.10
0.18
0.48
0.39
0.15
0.06
0.42
0.23
0.49
0.46
0.11
0.41
0.41
0.16
0.21
0.06
0.48
0.08
0.12
0.33
0.38
0.05
0.00
0.07
0.19
0.05
0.16
0.13
0.11
0.28
0.37
0.27
0.44
0.40
0.09
0.47
0.00
0.39
0.25
0.27
0.16
0.24
0.34
0.29
0.32
0.05
0.33
0.27
0.36
0.13
0.20
0.48
0.01
0.42
0.06
0.23
0.05
0.44
0.31
0.40
0.49
0.41
0.49
0.09
0.28
0.07
0.15
0.05
0.22
0.10
0.12
0.18
0.05
0.16
0.14
0.06
0.31
0.04
0.14
0.06
0.32
0.07
0.27
0.23
0.32
0.36
0.22
0.20
0.04
0.01
0.35
0.08
0.12
0.04
0.11
0.02
0.13
0.32
0.30
0.31
0.01
0.15
0.31
0.25
0.47
0.41
0.04
0.27
0.32
0.23
0.08
0.23
0.02
0.40
0.39
0.41
0.30
0.06
0.02
0.43
0.25
0.35
0.16
0.21
0.00
0.14
0.47
0.44
0.26
0.31
0.16
0.12
0.40
0.05
0.47
0.26
0.29
0.30
0.41
0.36
0.12
0.02
0.03
0.47
0.36
0.24
0.37
0.36
0.27
0.36
0.06
0.19
0.26
0.26
0.22
0.06
0.41
0.09
0.49
0.02
0.18
0.43
0.28
0.26
0.24
0.00
0.03
0.16
0.31
0.42
0.43
0.35
0.27
0.32
0.32
0.07
0.46
0.09
0.12
0.21
0.32
0.39
0.49
0.30
0.10
0.44
0.01
0.31
0.41
0.39
0.22
0.37
0.10
0.05
0.10
0.09
0.08
0.11
0.21
0.29
0.27
0.37
0.00
0.05
0.05
0.26
0.10
0.13
0.07
0.47
0.19
0.02
0.22
0.29
0.42
0.29
0.20
0.19
0.48
0.30
0.24
0.35
0.31
0.25
0.35
0.18
0.39
0.32
0.19
0.12
0.38
0.06
0.28
0.45
0.24
0.21
0.39
0.38
0.38
0.26
0.09
0.18
0.21
0.03
0.46
0.45
0.41
0.13
0.35
0.10
0.03
0.18
0.31
0.30
0.47
0.30
0.35
0.20
0.22
0.13
0.47
0.08
0.13
0.17
0.27
0.37
0.43
0.33
0.41
0.35
0.41
0.28
0.46
0.46
0.28
0.31
0.11
0.14
0.37
0.42
0.11
0.30
0.40
0.15
0.12
0.28
0.38
0.19
0.06
0.03
0.38
0.44
0.43
0.08
0.11
0.31
0.46
0.45
0.42
0.24
0.28
0.16
0.19
0.43
0.16
0.24
0.02
0.04
0.34
0.29
0.09
0.12
0.34
0.12
0.21
0.15
0.27
0.29
0.20
0.38
0.44
0.37
0.37
0.07
0.12
0.41
0.06
0.36
0.30
0.33
0.16
0.39
0.22
0.33
0.38
0.05
0.11
0.29
0.43
0.14
0.35
0.14
0.13
0.22
0.09
0.30
0.34
0.06
0.35
0.43
0.47
0.32
0.40
0.38
0.36
0.49
0.11
0.31
0.25
0.12
0.44
0.16
0.10
0.05
0.44
0.10
0.28
0.33
0.20
0.45
0.42
0.01
0.29
0.47
0.30
0.46
0.06
0.21
0.39
0.42
0.43
0.14
0.11
0.08
0.27
0.39
0.08
0.45
0.43
0.15
0.38
0.44
0.15
0.32
0.13
0.44
0.11
0.17
0.28
0.47
0.16
0.35
4770655.29
0.21
0.29
0.28
0.11
0.03
0.10
0.02
0.20
0.12
0.00
0.39
0.33
0.15
0.19
0.11
0.36
0.26
0.00
0.14
0.12
0.02
0.31
0.11
0.10
0.01
0.29
0.35
0.29
0.39
0.07
0.07
0.29
0.20
0.34
0.02
0.21
0.28
0.11
0.47
0.21
0.08
0.43
0.41
0.12
0.09
0.14
0.33
0.49
0.45
0.13
0.01
0.00
0.04
0.33
0.46
0.19
0.13
0.38
0.30
0.23
0.45
0.29
0.40
0.41
0.02
0.28
0.29
0.36
0.40
0.00
0.48
0.49
0.00
0.42
0.33
0.18
0.23
0.37
0.10
0.26
0.47
0.43
0.25
0.37
0.39
0.14
0.11
0.45
0.24
0.11
0.22
0.46
0.15
0.42
0.48
0.00
0.47
0.24
0.02
0.39
0.16
0.19
0.42
0.14
0.03
0.44
0.48
0.39
0.40
0.32
0.46
0.37
0.43
0.29
0.30
0.37
0.37
0.10
0.37
0.17
0.12
0.47
0.06
0.22
0.31
0.25
0.04
0.13
0.36
0.11
0.18
0.13
0.08
0.49
0.32
0.27
0.49
0.22
0.49
0.24
0.10
0.12
0.15
0.36
0.26
0.33
0.22
0.39
0.41
0.49
0.25
0.38
0.06
0.14
0.22
0.13
0.30
0.22
0.11
0.45
0.20
0.46
0.01
0.36
0.16
0.14
0.01
0.46
0.07
0.16
0.06
0.31
0.24
0.49
0.28
0.13
0.45
0.32
0.46
0.49
0.23
0.46
0.23
0.32
0.06
0.47
0.26
0.08
0.24
0.35
0.21
0.19
0.35
0.04
0.19
0.31
0.04
0.16
0.37
0.18
0.02
0.31
0.16
0.20
0.33
0.25
0.07
0.32
0.20
0.20
0.01
0.40
0.11
0.44
0.40
0.32
0.06
0.46
0.07
0.25
0.19
0.24
0.05
0.05
0.32
0.18
0.06
0.04
0.27
0.41
0.05
0.29
0.35
0.32
0.18
0.00
0.15
0.25
0.01
0.33
0.21
0.47
0.09
0.41
0.02
0.16
0.24
0.34
0.09
0.14
0.12
0.00
0.35
0.46
0.22
0.21
0.38
0.29
0.31
0.45
0.44
0.46
0.12
0.44
0.08
0.37
0.19
0.22
0.00
0.30
0.12
0.20
0.28
0.17
0.42
0.38
0.36
0.05
0.24
0.38
0.04
0.10
0.15
0.37
0.28
0.06
0.42
0.22
0.33
0.28
0.22
0.24
0.45
0.08
0.31
0.07
0.39
0.16
0.14
0.29
0.38
0.15
0.10
0.14
0.10
0.32
0.37
0.19
0.17
0.20
0.15
0.41
0.31
0.37
0.33
0.01
0.12
0.48
0.18
0.02
0.15
0.05
0.30
0.31
0.15
0.21
0.20
0.33
0.33
0.34
0.03
0.45
0.21
0.45
0.06
0.43
0.41
0.41
0.18
0.13
0.33
0.36
0.19
0.38
0.05
0.46
0.04
0.15
0.22
0.06
0.00
0.37
0.26
0.38
0.06
0.24
0.11
0.35
0.43
0.05
0.05
0.47
0.12
0.26
0.01
0.17
0.21
0.39
0.20
0.30
0.15
0.46
0.24
0.32
0.22
0.13
0.34
0.21
0.00
0.03
0.43
0.40
0.10
0.27
0.16
0.46
0.16
0.26
0.25
0.09
0.40
0.21
0.49
0.45
0.15
0.01
0.10
0.09
0.08
0.34
0.43
0.21
0.36
0.24
0.05
0.43
0.48
0.35
0.38
0.35
0.03
0.35
0.26
0.43
0.11
0.45
0.19
0.29
0.15
0.19
0.11
0.02
0.48
0.33
0.07
0.04
0.05
0.21
0.34
0.23
0.22
0.03
0.23
0.17
0.37
0.38
0.35
0.01
0.27
0.04
0.26
0.36
0.19
0.28
0.07
0.26
0.29
0.31
0.20
0.14
0.15
0.38
0.02
0.18
0.18
0.00
0.42
0.21
0.12
0.01
0.29
0.29
0.38
0.13
0.10
0.44
0.42
0.05
0.37
0.30
0.14
0.48
0.06
0.49
0.06
0.34
0.31
0.18
0.20
0.39
0.26
0.04
0.05
0.18
0.29
0.03
0.42
0.29
0.06
0.20
0.23
0.18
0.46
0.15
0.24
0.15
0.11
0.03
0.12
0.16
0.19
0.48
0.13
0.15
0.15
0.16
0.39
0.39
0.20
0.13
0.44
0.30
0.38
